0: 3 3 30 154 0 1193
1: 9 11 30 92 1 802
2: 5 2 30 156 5 498
3: 9 10 30 2 7 62
4: 1 11 30 79 9 193
5: 7 8 30 213 11 1894
6: 10 1 30 131 14 450
7: 4 2 30 250 15 997
8: 2 7 30 73 15 569
9: 0 4 30 273 17 375
10: 6 0 30 91 20 979
11: 2 1 30 28 20 382
12: 6 9 30 44 22 660
13: 6 7 30 267 25 1751
14: 0 7 30 100 27 363
15: 9 1 30 190 30 1107
16: 9 10 30 216 34 1443
17: 3 0 30 218 35 850
18: 8 3 30 170 35 2166
19: 10 7 30 290 37 903
20: 3 6 30 261 38 167
21: 4 11 30 271 40 809
22: 9 11 30 153 43 45
23: 8 5 30 36 44 1221
24: 1 0 30 217 47 1177
25: 4 2 30 91 47 509
26: 7 5 30 215 48 720
27: 2 11 30 149 49 141
28: 1 8 30 126 51 806
29: 9 5 30 11 53 438
30: 1 3 30 285 53 1767
31: 2 3 30 39 54 865
32: 7 9 30 98 55 4453
33: 4 5 30 135 56 347
34: 4 10 30 274 59 831
35: 5 9 30 232 62 919
36: 6 10 30 209 64 560
37: 3 9 30 105 65 794
38: 7 7 30 269 65 353
39: 8 4 30 174 68 1355
40: 3 8 30 23 68 1234
41: 8 7 30 210 69 1519
42: 7 2 30 37 70 1095
43: 8 9 30 178 70 1094
44: 3 1 30 229 73 1449
45: 2 0 30 249 74 874
46: 6 8 30 210 78 1393
47: 5 8 30 267 78 1962
48: 1 1 30 286 80 86
49: 0 0 30 167 80 510
50: 7 3 30 282 82 225
51: 10 0 30 50 85 803
52: 4 7 30 42 87 1265
53: 7 3 30 237 89 1011
54: 3 1 30 157 89 1366
55: 9 7 30 120 90 783
56: 6 3 30 275 90 1060
57: 6 3 30 11 93 1204
58: 7 7 30 164 94 1572
59: 1 0 30 289 96 531
60: 3 10 30 61 97 388
61: 0 7 30 28 98 541
62: 4 4 30 6 102 623
63: 5 1 30 38 103 49
64: 9 6 30 257 104 273
65: 3 5 30 122 106 360
66: 10 1 30 170 109 664
67: 3 9 30 285 111 620
68: 3 7 30 65 115 586
69: 3 3 30 163 117 3427
70: 10 8 30 17 119 311
71: 7 3 30 183 120 4967
72: 7 11 30 106 121 241
73: 7 8 30 1 121 265
74: 11 8 30 19 123 450
75: 10 0 30 79 123 456
76: 2 5 30 184 124 910
77: 10 5 30 173 125 27
78: 2 7 30 107 126 136
79: 0 11 30 33 127 1242
80: 5 3 30 199 133 2656
81: 0 1 30 116 133 2814
82: 11 4 30 131 135 908
83: 5 3 30 157 135 1278
84: 7 7 30 238 135 89
85: 5 11 30 274 137 777
86: 3 8 30 30 138 849
87: 7 5 30 286 140 604
88: 10 11 30 135 144 4
89: 0 3 30 188 146 54
90: 1 1 30 85 147 1946
91: 7 8 30 113 147 2528
92: 11 11 30 43 151 431
93: 9 7 30 146 153 278
94: 3 2 30 185 156 320
95: 5 1 30 48 157 397
96: 4 1 30 220 162 125
97: 11 3 30 74 163 97
98: 7 1 30 290 165 213
99: 6 10 30 130 166 326
